32.95
40.99
34.56
39.38
40.99
34.56
32.95
61.88
42.59
37.78
32.95
39.38
34.56
39.38
29.74
36.17
39.38
29.74
29.74
47.42
37.78
32.95
42.59
40.99
26.52
42.59
34.56
42.59
26.52
32.95
36.17
42.59
32.95
32.95
34.56
34.56
36.17
42.59
32.95
39.38
36.17
28.13
40.99
39.38
34.56
32.95
37.78
26.52
32.95
28.13
32.95
32.95
39.38
32.95
39.38
40.99
42.59
34.56
36.17
34.56
40.99
34.56
31.35
40.99
32.95
44.2
37.78
37.78
34.56
42.59
34.56
40.99
26.52
40.99
32.95
37.78
36.17
32.95
29.74
32.95
32.95
32.95
32.95
32.95
42.59
44.2
36.17
36.17
40.99
37.78
36.17
26.52
39.38
26.52
29.74
32.95
34.56
39.38
39.38
34.56
32.95
32.95
32.95
29.74
40.99
40.99
39.38
31.35
36.17
29.74
39.38
34.56
42.59
28.13
36.17
37.78
40.99
34.56
32.95
34.56
37.78
42.59
32.95
42.59
42.59
34.56
32.95
32.95
29.74
26.52
42.59
45.81
26.52
31.35
37.78
32.95
34.56
40.99
36.17
40.99
29.74
40.99
40.99
37.78
31.35
36.17
34.56
36.17
34.56
28.13
37.78
32.95
36.17
39.38
40.99
34.56
32.95
28.13
39.38
34.56
34.56
36.17
29.74
40.99
26.52
32.95
39.38
32.95
40.99
32.95
34.56
26.52
45.81
42.59
39.38
37.78
36.17
34.56
39.38
34.56
32.95
37.78
34.56
42.59
42.59
39.38
37.78
39.38
45.81
28.13
44.2
36.17
40.99
29.74
34.56
32.95
37.78
37.78
32.95
37.78
34.56
37.78
31.35
32.95
47.42
32.95
34.56
44.2
40.99
47.42
36.17
37.78
40.99
42.59
37.78
37.78
36.17
42.59
47.42
29.74
28.13
32.95
39.38
34.56
40.99
39.38
39.38
34.56
31.35
36.17
37.78
45.81
36.17
36.17
31.35
42.59
39.38
40.99
34.56
40.99
40.99
39.38
37.78
34.56
42.59
36.17
42.59
40.99