100.53
80.95
107.03
76.99
74.56
101.19
117.77
151.13
82.91
122.03
96.7
106.13
83.68
104.05
97.85
119.34
76.99
90.46
94.15
121.97
122.03
87.13
72.0
72.43
96.72
78.55
118.7
72.0
82.39
96.7
79.56
91.64
112.02
79.47
81.73
85.62
75.58
87.27
117.77
85.32
87.51
82.73
80.95
104.05
81.73
85.21
122.03
80.6
117.77
97.27
117.77
96.7
83.24
96.7
104.05
93.73
82.91
118.7
79.56
118.7
74.56
118.7
105.55
74.56
117.77
122.98
87.46
122.03
79.78
82.91
116.76
104.38
80.6
85.21
96.7
122.03
119.34
117.77
83.08
117.77
96.7
112.02
112.02
96.7
85.09
87.2
79.56
75.58
72.43
122.03
115.36
80.6
104.05
80.6
96.0
117.77
85.62
93.64
85.32
118.7
117.77
96.7
90.96
81.23
74.56
87.34
93.64
98.01
83.54
92.31
104.05
118.7
85.09
99.09
115.36
85.42
95.86
91.46
117.77
118.7
85.42
72.0
102.45
89.45
72.0
89.51
112.02
96.7
90.46
80.6
87.27
93.46
80.6
88.59
120.0
87.13
116.76
87.34
87.51
72.43
90.46
74.56
74.56
77.29
111.2
75.58
97.3
115.36
118.7
99.09
122.03
117.77
97.46
95.72
95.86
116.76
117.77
80.91
93.64
118.7
118.7
115.36
96.0
74.56
80.6
112.02
74.91
112.02
80.95
96.7
118.7
80.6
123.46
72.0
112.37
103.73
79.56
116.76
120.69
116.76
96.7
122.03
116.76
78.55
89.45
120.69
122.03
89.48
93.46
82.73
122.98
121.33
112.9
97.85
116.76
117.77
122.03
122.03
117.77
122.03
118.7
122.03
81.05
112.02
121.97
92.87
118.7
96.15
85.21
117.24
115.36
93.56
74.56
82.91
122.03
122.03
115.36
76.36
121.97
84.92
82.73
112.02
104.05
118.7
83.08
74.91
95.72
118.7
111.2
95.47
122.03
123.46
75.58
119.34
98.01
82.91
76.99
72.43
118.7
112.9
112.9
104.05
97.63
99.24
82.91
79.56
72.0
74.56